A1 = [15600 18760 17610 19170];
B1 = [7540 2750 14630 610];
C1 = [20140 18610 13480 18390];
t1 = [0.07074 0.0722 0.07690 0.07242];

A2 = [6378 12756 0 12756];
B2 = [12756 0 12756 6378];
C2 = [6378 6378 6378 0];
t2 = [19900 2400 32600 19900];


f1 = @(x1,x2,x3,x4) (x1-A1)^2+(x2-B1)^2+(x3-C1)^2-(c*(t1-d))^2;

f2 = @(x1,x2,x3,x4) (x1-A2)^2+(x2-B2)^2+(x3-C2)^2-(c*(t2-d))^2
